{
 "cells": [
  {
   "cell_type": "code",
   "execution_count": 19,
   "metadata": {},
   "outputs": [],
   "source": [
    "# Standard library imports\n",
    "import os\n",
    "import sys\n",
    "import re\n",
    "import warnings\n",
    "import random\n",
    "import hashlib\n",
    "\n",
    "# Data manipulation and analysis\n",
    "import numpy as np\n",
    "import pandas as pd\n",
    "\n",
    "# Visualization libraries\n",
    "import matplotlib.pyplot as plt\n",
    "import seaborn as sns\n",
    "\n",
    "# Machine learning and preprocessing\n",
    "from sklearn.metrics import confusion_matrix, classification_report, precision_score\n",
    "from sklearn.model_selection import RandomizedSearchCV, TimeSeriesSplit\n",
    "from sklearn.pipeline import Pipeline\n",
    "from sklearn.preprocessing import StandardScaler  # Assuming you might need it\n",
    "\n",
    "# Specific models and tools\n",
    "from xgboost import XGBClassifier\n",
    "import xgboost as xgb\n",
    "\n",
    "# Encoding and feature selection\n",
    "from category_encoders import TargetEncoder  # Fixed the import based on usage\n",
    "from scipy.stats import randint, uniform\n",
    "\n",
    "# Model persistence\n",
    "from joblib import dump, load\n",
    "\n",
    "# Miscellaneous settings\n",
    "%matplotlib inline\n",
    "warnings.filterwarnings('ignore')\n"
   ]
  },
  {
   "cell_type": "code",
   "execution_count": 20,
   "metadata": {},
   "outputs": [],
   "source": [
    "content = \"test_3odds_1s\""
   ]
  },
  {
   "cell_type": "code",
   "execution_count": 21,
   "metadata": {},
   "outputs": [],
   "source": [
    "# Load the processed data csv into a DataFrame\n",
    "df = pd.read_csv(f'data/processed/processed_data_{content}.csv')"
   ]
  },
  {
   "cell_type": "code",
   "execution_count": 22,
   "metadata": {},
   "outputs": [],
   "source": [
    "# Parse the date_temp column, which is in YYYYMMDD format, into a datetime object, and store in a new column 'date_temporary'\n",
    "df['date_temporary'] = pd.to_datetime(df['Date'], format='%Y%m%d')"
   ]
  },
  {
   "cell_type": "code",
   "execution_count": 23,
   "metadata": {},
   "outputs": [],
   "source": [
    "# Drop DayOTW column\n",
    "df.drop(columns=[ 'Ref_ID',\n",
    " #'team_form_opp',\n",
    " #'opp_shots',\n",
    " #'opp_shots_target'\n",
    " 'FTR'\n",
    " ], inplace=True)"
   ]
  },
  {
   "cell_type": "markdown",
   "metadata": {},
   "source": [
    "### Date settings"
   ]
  },
  {
   "cell_type": "markdown",
   "metadata": {},
   "source": []
  },
  {
   "cell_type": "code",
   "execution_count": 24,
   "metadata": {},
   "outputs": [],
   "source": [
    "import pandas as pd\n",
    "\n",
    "# Get the current date dynamically\n",
    "date_today = pd.Timestamp.now().normalize()  # .normalize() sets the time to 00:00:00\n",
    "\n",
    "# Declare a date by setting day, month, and year\n",
    "date_specific = pd.Timestamp(year=2024, month=4, day=12)\n",
    "\n",
    "# Calculate the date 2 weeks ago from the current date\n",
    "date_delta = date_specific - pd.DateOffset(days=10)\n",
    "\n",
    "date_start = date_specific - pd.DateOffset(days=1000)"
   ]
  },
  {
   "cell_type": "code",
   "execution_count": 25,
   "metadata": {},
   "outputs": [],
   "source": [
    "# Delete all rows where the date_temporary column is older than date_start\n",
    "df = df[df['date_temporary'] >= date_start]"
   ]
  },
  {
   "cell_type": "code",
   "execution_count": 26,
   "metadata": {},
   "outputs": [],
   "source": [
    "#df_validationset = df.tail(250)\n",
    "#df = df.iloc[:-250]\n",
    "\n",
    "# define df_validationset as all the rows in df where the date_temporary column is greater than date_delta\n",
    "df_validationset = df[df['date_temporary'] > date_delta]\n",
    "\n",
    "# define df as all the rows in df where the date_temporary column is less than or equal to date_delta\n",
    "df = df[df['date_temporary'] <= date_delta]"
   ]
  },
  {
   "cell_type": "code",
   "execution_count": 27,
   "metadata": {},
   "outputs": [
    {
     "data": {
      "text/plain": [
       "(775, 60)"
      ]
     },
     "execution_count": 27,
     "metadata": {},
     "output_type": "execute_result"
    }
   ],
   "source": [
    "len(df), len(df_validationset)"
   ]
  },
  {
   "cell_type": "code",
   "execution_count": 28,
   "metadata": {},
   "outputs": [],
   "source": [
    "# Drop the date_temporary column\n",
    "df.drop(columns=['date_temporary'], inplace=True)\n",
    "df_validationset.drop(columns=['date_temporary'], inplace=True)"
   ]
  },
  {
   "cell_type": "code",
   "execution_count": 29,
   "metadata": {},
   "outputs": [],
   "source": [
    "import ast\n",
    "import pandas as pd\n",
    "\n",
    "teams_dict = {}\n",
    "\n",
    "# Assuming 'teams_dict.txt' contains the dictionary as a single string\n",
    "with open(f'data/teams_dict_{content}.txt', 'r') as file:\n",
    "    # Read the entire file content into a single string\n",
    "    data = file.read()\n",
    "    # Safely evaluate the string as a Python dictionary\n",
    "    teams_dict = ast.literal_eval(data)"
   ]
  },
  {
   "cell_type": "code",
   "execution_count": 30,
   "metadata": {},
   "outputs": [],
   "source": [
    "# Sort the df and df_validationset DataFrames by the 'Date', 'Div', 'Time' columns\n",
    "df.sort_values(['Date', 'Div', 'Time'], inplace=True)\n",
    "df_validationset.sort_values(['Date', 'Div', 'Time'], inplace=True)\n",
    "\n",
    "# Set the 'Date' and 'FTR2' column as the index\n",
    "df.set_index(['Date'], inplace=True)\n",
    "df_validationset.set_index(['Date'], inplace=True)"
   ]
  },
  {
   "cell_type": "code",
   "execution_count": 31,
   "metadata": {},
   "outputs": [],
   "source": [
    "#import train_test_split\n",
    "from sklearn.model_selection import train_test_split\n",
    "\n",
    "# Split the data into X and y\n",
    "X = df.drop('FTR2', axis=1)\n",
    "y = df['FTR2']\n",
    "\n",
    "X.columns = [re.sub(r'[<]', '_st_', str(col)) for col in X.columns]\n",
    "X.columns = [re.sub(r'[>]', '_gt_', str(col)) for col in X.columns]\n",
    "\n",
    "# Split the data into training and testing sets\n",
    "X_train, X_test, y_train, y_test = train_test_split(X, y, test_size=0.2, random_state=42)"
   ]
  },
  {
   "cell_type": "markdown",
   "metadata": {},
   "source": [
    "### Hyperparameters"
   ]
  },
  {
   "cell_type": "code",
   "execution_count": 32,
   "metadata": {},
   "outputs": [],
   "source": [
    "def generate_sliding_windows(X, window_size, step):\n",
    "    n_samples = len(X)\n",
    "    windows = []\n",
    "    for start_idx in range(0, n_samples - window_size + 1, step):\n",
    "        end_idx = start_idx + window_size\n",
    "        if end_idx > n_samples:\n",
    "            break  # Avoid going beyond the dataset\n",
    "        train_indices = list(range(max(0, start_idx - window_size), start_idx))\n",
    "        test_indices = list(range(start_idx, end_idx))\n",
    "        windows.append((train_indices, test_indices))\n",
    "    return windows\n",
    "\n",
    "\n",
    "\n",
    "percentile = [50, 75, 100]\n",
    "\n",
    "# Define the hyperparameter search space\n",
    "param_dist = {\n",
    "\n",
    "    #'xgb__select__percentile': [100],\n",
    "    #'gb__select__percentile': [100],\n",
    "    #'lr__select__percentile': [100],\n",
    "    #'ada__select__percentile': [100],\n",
    "    \n",
    "    'xgb__clf__max_depth': [1,2,3],\n",
    "    'xgb__clf__learning_rate': [0.001, 0.01, 0.1],\n",
    "    'xgb__clf__lambda': [1, 1.5, 2],  # L2 regularization term on weights\n",
    "    'xgb__clf__alpha': [0, 0.5, 1],  # L1 regularization term on weights\n",
    "    'xgb__clf__n_estimators': [1, 5, 100],\n",
    "\n",
    "    'rf__clf__max_depth': [1, 2],\n",
    "    #'rf__clf__min_samples_split': [2, 5],\n",
    "    #'rf__clf__min_samples_leaf': [1, 2],\n",
    "    #'rf__clf__bootstrap': [True, False],\n",
    "    'rf__clf__n_estimators': [1, 5, 100],\n",
    "\n",
    "    'lr__clf__C': [0.1, 1],  # Inverse of regularization strength; smaller values specify stronger regularization.\n",
    "    'lr__clf__penalty': ['l1', 'l2', 'elasticnet'],  # Specify the norm of the penalty.\n",
    "    'lr__clf__solver': ['saga'],  # Algorithm to use in the optimization problem, 'saga' supports all penalties.\n",
    "    'lr__clf__l1_ratio': [0.5],  # The Elastic-Net mixing parameter, with 0 <= l1_ratio <= 1. Only used if penalty='elasticnet'.\n",
    "    'lr__clf__class_weight': ['balanced'],\n",
    "\n",
    "    #'cat__clf__depth': [1,2,3,4],\n",
    "    #'cat__clf__learning_rate': [0.01, 0.05, 0.1],\n",
    "    #'cat__clf__iterations': [50, 100, 200],\n",
    "    #'cat__clf__l2_leaf_reg': [1, 3, 5],\n",
    "\n",
    "    'gb__clf__learning_rate': [0.01, 0.1, 0.2],\n",
    "    'gb__clf__n_estimators': [50, 100, 200],\n",
    "    'gb__clf__max_depth': [3, 5 , 7],\n",
    "    'gb__clf__min_samples_split': [2, 5],\n",
    "    'gb__clf__min_samples_leaf': [1, 2],\n",
    "\n",
    "}\n",
    "\n",
    "\n",
    "param_test = {\n",
    "    \n",
    "    'xgb__clf__max_depth': [1,2],\n",
    "    'xgb__clf__learning_rate': [0.001, 0.01, 0.1],\n",
    "    'xgb__clf__lambda': [1, 1.5, 2],  # L2 regularization term on weights\n",
    "    'xgb__clf__alpha': [0, 0.5, 1],  # L1 regularization term on weights\n",
    "    'xgb__clf__n_estimators': [1, 5, 100],\n",
    "\n",
    "\n",
    "}"
   ]
  },
  {
   "cell_type": "code",
   "execution_count": 33,
   "metadata": {},
   "outputs": [],
   "source": [
    "from sklearn.metrics import make_scorer, f1_score\n",
    "from sklearn.model_selection import RandomizedSearchCV\n",
    "from xgboost import XGBClassifier\n",
    "from sklearn.model_selection import train_test_split\n",
    "\n",
    "# Define a custom scoring function\n",
    "def xgb_early_stopping_score(y, estimator, X, y_true, sample_weight=None):\n",
    "    \"\"\"\n",
    "    Custom scorer that uses early stopping.\n",
    "    \"\"\"\n",
    "    # Split X into training and validation sets\n",
    "    X_train, X_val, y_train, y_val = train_test_split(X, y_true, test_size=0.2, random_state=42)\n",
    "    \n",
    "    # Fit with early stopping\n",
    "    eval_set = [(X_val, y_val)]\n",
    "    estimator.fit(X_train, y_train, early_stopping_rounds=25, eval_set=eval_set, verbose=False)\n",
    "    \n",
    "    # Predict on the validation set\n",
    "    y_pred = estimator.predict(X_val)\n",
    "    \n",
    "    # Return the F1 score\n",
    "    return f1_score(y_val, y_pred, pos_label=1)"
   ]
  },
  {
   "cell_type": "code",
   "execution_count": 34,
   "metadata": {},
   "outputs": [],
   "source": [
    "# selection\n",
    "from sklearn.feature_selection import SelectPercentile, chi2"
   ]
  },
  {
   "cell_type": "code",
   "execution_count": 35,
   "metadata": {},
   "outputs": [
    {
     "name": "stdout",
     "output_type": "stream",
     "text": [
      "Iteration 1 Training Data Shape: (38, 23)\n"
     ]
    },
    {
     "name": "stdout",
     "output_type": "stream",
     "text": [
      "Warning: No categorical columns found. Calling 'transform' will only return input data.\n",
      "Warning: No categorical columns found. Calling 'transform' will only return input data.\n",
      "Warning: No categorical columns found. Calling 'transform' will only return input data.\n",
      "Warning: No categorical columns found. Calling 'transform' will only return input data.\n",
      "Warning: No categorical columns found. Calling 'transform' will only return input data.\n",
      "Best Parameters: {'xgb__clf__n_estimators': 100, 'xgb__clf__max_depth': 3, 'xgb__clf__learning_rate': 0.1, 'xgb__clf__lambda': 1.5, 'xgb__clf__alpha': 1, 'rf__clf__n_estimators': 1, 'rf__clf__max_depth': 2, 'lr__clf__solver': 'saga', 'lr__clf__penalty': 'elasticnet', 'lr__clf__l1_ratio': 0.5, 'lr__clf__class_weight': 'balanced', 'lr__clf__C': 1, 'gb__clf__n_estimators': 100, 'gb__clf__min_samples_split': 2, 'gb__clf__min_samples_leaf': 1, 'gb__clf__max_depth': 5, 'gb__clf__learning_rate': 0.01}\n",
      "y_proba: [[0.23423589 0.19132984 0.57443427]\n",
      " [0.48038077 0.28662562 0.23299361]\n",
      " [0.34935555 0.37185914 0.2787853 ]\n",
      " [0.27179178 0.23908596 0.48912226]\n",
      " [0.56846685 0.23208477 0.19944837]\n",
      " [0.38316351 0.26313344 0.35370305]\n",
      " [0.57343834 0.25952297 0.16703871]\n",
      " [0.26972737 0.47686739 0.25340524]\n",
      " [0.47115384 0.31312888 0.21571729]\n",
      " [0.5455533  0.24048525 0.21396145]\n",
      " [0.39113182 0.39242945 0.21643873]\n",
      " [0.26256072 0.20023005 0.53720922]\n",
      " [0.19654444 0.15293335 0.65052222]\n",
      " [0.60472805 0.24098148 0.15429047]\n",
      " [0.25993012 0.52790807 0.21216181]\n",
      " [0.58606803 0.23711585 0.17681612]\n",
      " [0.22053553 0.22597515 0.55348932]\n",
      " [0.18542304 0.14283651 0.67174046]\n",
      " [0.50171053 0.27351736 0.22477211]\n",
      " [0.69981216 0.11024426 0.18994357]\n",
      " [0.59877669 0.13092446 0.27029885]\n",
      " [0.30343791 0.18988257 0.50667953]\n",
      " [0.1969907  0.23848603 0.56452326]\n",
      " [0.5945847  0.17675119 0.22866412]\n",
      " [0.58388819 0.29900637 0.11710543]\n",
      " [0.21394834 0.19394022 0.59211144]\n",
      " [0.564672   0.18483172 0.25049628]\n",
      " [0.17027814 0.56260744 0.26711442]\n",
      " [0.19166643 0.71137643 0.09695714]\n",
      " [0.19162135 0.73431738 0.07406127]\n",
      " [0.71065533 0.19650563 0.09283903]\n",
      " [0.22815603 0.59200383 0.17984014]\n",
      " [0.2556983  0.45385996 0.29044175]\n",
      " [0.57369763 0.28461224 0.14169013]\n",
      " [0.58356888 0.21731223 0.19911888]\n",
      " [0.26935008 0.55451921 0.17613071]\n",
      " [0.1824931  0.20455163 0.61295529]\n",
      " [0.53792229 0.24289902 0.21917871]]\n",
      "Precision: 0.631578947368421\n",
      "\n",
      "Iteration 2 Training Data Shape: (76, 23)\n",
      "Warning: No categorical columns found. Calling 'transform' will only return input data.\n",
      "Warning: No categorical columns found. Calling 'transform' will only return input data.\n",
      "Warning: No categorical columns found. Calling 'transform' will only return input data.\n",
      "Warning: No categorical columns found. Calling 'transform' will only return input data.\n",
      "Warning: No categorical columns found. Calling 'transform' will only return input data.\n",
      "Best Parameters: {'xgb__clf__n_estimators': 100, 'xgb__clf__max_depth': 3, 'xgb__clf__learning_rate': 0.1, 'xgb__clf__lambda': 1.5, 'xgb__clf__alpha': 1, 'rf__clf__n_estimators': 1, 'rf__clf__max_depth': 2, 'lr__clf__solver': 'saga', 'lr__clf__penalty': 'elasticnet', 'lr__clf__l1_ratio': 0.5, 'lr__clf__class_weight': 'balanced', 'lr__clf__C': 1, 'gb__clf__n_estimators': 100, 'gb__clf__min_samples_split': 2, 'gb__clf__min_samples_leaf': 1, 'gb__clf__max_depth': 5, 'gb__clf__learning_rate': 0.01}\n",
      "y_proba: [[0.15905361 0.10887203 0.73207436]\n",
      " [0.38916834 0.2184463  0.39238537]\n",
      " [0.46011812 0.32058071 0.21930117]\n",
      " [0.22886836 0.14125418 0.62987747]\n",
      " [0.29581214 0.28565347 0.41853439]\n",
      " [0.27388173 0.17738516 0.54873312]\n",
      " [0.60361663 0.26757159 0.12881179]\n",
      " [0.42353262 0.44657884 0.12988853]\n",
      " [0.14784615 0.1152186  0.73693525]\n",
      " [0.34123574 0.16366299 0.49510126]\n",
      " [0.47654148 0.18179697 0.34166156]\n",
      " [0.6550793  0.21447204 0.13044866]\n",
      " [0.16376933 0.42320069 0.41302998]\n",
      " [0.51486385 0.33423653 0.15089963]\n",
      " [0.51172145 0.21482741 0.27345113]\n",
      " [0.49604848 0.33297071 0.17098081]\n",
      " [0.14883886 0.12393506 0.72722609]\n",
      " [0.67310778 0.19928524 0.12760697]\n",
      " [0.18846519 0.56643581 0.245099  ]\n",
      " [0.18221876 0.09192829 0.72585295]\n",
      " [0.36350192 0.51120038 0.12529771]\n",
      " [0.16676641 0.62820108 0.20503251]\n",
      " [0.3186382  0.16138841 0.51997339]\n",
      " [0.6314764  0.22293807 0.14558555]\n",
      " [0.34034582 0.19754013 0.46211405]\n",
      " [0.5735202  0.27536394 0.15111585]\n",
      " [0.65738275 0.1913856  0.15123164]\n",
      " [0.34505346 0.50207962 0.15286691]\n",
      " [0.19076864 0.10217557 0.70705579]\n",
      " [0.2308587  0.16995738 0.59918392]\n",
      " [0.54932702 0.17125418 0.27941881]\n",
      " [0.62868031 0.19190973 0.17940996]\n",
      " [0.14582646 0.11459011 0.73958344]\n",
      " [0.64952037 0.24031378 0.11016584]\n",
      " [0.46636298 0.19139816 0.34223884]\n",
      " [0.15680078 0.13303928 0.71015995]\n",
      " [0.1483551  0.08320397 0.76844093]\n",
      " [0.15989429 0.10781814 0.73228757]]\n",
      "Precision: 0.5263157894736842\n",
      "\n",
      "Iteration 3 Training Data Shape: (114, 23)\n",
      "Warning: No categorical columns found. Calling 'transform' will only return input data.\n",
      "Warning: No categorical columns found. Calling 'transform' will only return input data.\n",
      "Warning: No categorical columns found. Calling 'transform' will only return input data.\n",
      "Warning: No categorical columns found. Calling 'transform' will only return input data.\n",
      "Warning: No categorical columns found. Calling 'transform' will only return input data.\n",
      "Best Parameters: {'xgb__clf__n_estimators': 100, 'xgb__clf__max_depth': 3, 'xgb__clf__learning_rate': 0.1, 'xgb__clf__lambda': 1.5, 'xgb__clf__alpha': 1, 'rf__clf__n_estimators': 1, 'rf__clf__max_depth': 2, 'lr__clf__solver': 'saga', 'lr__clf__penalty': 'elasticnet', 'lr__clf__l1_ratio': 0.5, 'lr__clf__class_weight': 'balanced', 'lr__clf__C': 1, 'gb__clf__n_estimators': 100, 'gb__clf__min_samples_split': 2, 'gb__clf__min_samples_leaf': 1, 'gb__clf__max_depth': 5, 'gb__clf__learning_rate': 0.01}\n",
      "y_proba: [[0.36060285 0.17707666 0.4623205 ]\n",
      " [0.20782646 0.06739892 0.72477462]\n",
      " [0.23651047 0.59942914 0.1640604 ]\n",
      " [0.31248482 0.44832787 0.2391873 ]\n",
      " [0.20270191 0.08533913 0.71195898]\n",
      " [0.28896297 0.25432422 0.45671282]\n",
      " [0.63222053 0.16526876 0.2025107 ]\n",
      " [0.46479609 0.27411278 0.26109113]\n",
      " [0.23402035 0.64149795 0.1244817 ]\n",
      " [0.49730294 0.13728422 0.36541285]\n",
      " [0.26555984 0.22479395 0.50964622]\n",
      " [0.17332185 0.67941929 0.14725887]\n",
      " [0.49712802 0.23656837 0.26630362]\n",
      " [0.3271531  0.42445626 0.24839064]\n",
      " [0.3237684  0.17065488 0.50557673]\n",
      " [0.32523819 0.32573467 0.34902714]\n",
      " [0.46364193 0.20613778 0.3302203 ]\n",
      " [0.40299028 0.08415004 0.51285968]\n",
      " [0.26108748 0.15474663 0.5841659 ]\n",
      " [0.35206495 0.21566954 0.43226551]\n",
      " [0.46684956 0.24705849 0.28609193]\n",
      " [0.52882498 0.14553907 0.32563596]\n",
      " [0.48699129 0.32585548 0.18715323]\n",
      " [0.22976489 0.55385884 0.21637627]\n",
      " [0.26861509 0.16624272 0.56514218]\n",
      " [0.21156515 0.07440226 0.71403259]\n",
      " [0.58171289 0.17842898 0.23985812]\n",
      " [0.53976569 0.24603616 0.21419814]\n",
      " [0.29624806 0.12158516 0.58216678]\n",
      " [0.59305499 0.19138856 0.21555643]\n",
      " [0.20292643 0.05735435 0.73971921]\n",
      " [0.53154067 0.15805532 0.31040402]\n",
      " [0.52530627 0.26754104 0.20715268]\n",
      " [0.2524672  0.49925023 0.24828257]\n",
      " [0.50083831 0.25661443 0.24254725]\n",
      " [0.50188247 0.2993616  0.19875592]\n",
      " [0.38001391 0.39429201 0.22569406]\n",
      " [0.19423986 0.31868368 0.48707646]]\n",
      "Precision: 0.5526315789473685\n",
      "\n",
      "Iteration 4 Training Data Shape: (152, 23)\n",
      "Warning: No categorical columns found. Calling 'transform' will only return input data.\n",
      "Warning: No categorical columns found. Calling 'transform' will only return input data.\n",
      "Warning: No categorical columns found. Calling 'transform' will only return input data.\n",
      "Warning: No categorical columns found. Calling 'transform' will only return input data.\n",
      "Warning: No categorical columns found. Calling 'transform' will only return input data.\n",
      "Best Parameters: {'xgb__clf__n_estimators': 100, 'xgb__clf__max_depth': 3, 'xgb__clf__learning_rate': 0.1, 'xgb__clf__lambda': 1.5, 'xgb__clf__alpha': 1, 'rf__clf__n_estimators': 1, 'rf__clf__max_depth': 2, 'lr__clf__solver': 'saga', 'lr__clf__penalty': 'elasticnet', 'lr__clf__l1_ratio': 0.5, 'lr__clf__class_weight': 'balanced', 'lr__clf__C': 1, 'gb__clf__n_estimators': 100, 'gb__clf__min_samples_split': 2, 'gb__clf__min_samples_leaf': 1, 'gb__clf__max_depth': 5, 'gb__clf__learning_rate': 0.01}\n",
      "y_proba: [[0.14927153 0.13759017 0.71313829]\n",
      " [0.41126274 0.24188033 0.34685692]\n",
      " [0.4479767  0.38550367 0.16651964]\n",
      " [0.15947319 0.42408779 0.41643902]\n",
      " [0.13196754 0.12529766 0.7427348 ]\n",
      " [0.21632651 0.29976884 0.48390465]\n",
      " [0.22971776 0.57345913 0.19682311]\n",
      " [0.52401391 0.33031158 0.14567451]\n",
      " [0.35672088 0.41003868 0.23324044]\n",
      " [0.45363926 0.29268458 0.25367617]\n",
      " [0.26488635 0.59126033 0.14385333]\n",
      " [0.16290395 0.12743444 0.70966162]\n",
      " [0.22110049 0.44192323 0.33697628]\n",
      " [0.24598857 0.17596001 0.57805141]\n",
      " [0.26078295 0.59824818 0.14096887]\n",
      " [0.21777392 0.5320334  0.25019268]\n",
      " [0.54989718 0.29889272 0.1512101 ]\n",
      " [0.27328899 0.55932245 0.16738855]\n",
      " [0.18389077 0.14699164 0.66911759]\n",
      " [0.25780212 0.608931   0.13326687]\n",
      " [0.22800024 0.54781747 0.22418228]\n",
      " [0.22479169 0.59786509 0.17734322]\n",
      " [0.61770209 0.20570989 0.17658803]\n",
      " [0.29309054 0.3984687  0.30844076]\n",
      " [0.22563036 0.28021945 0.4941502 ]\n",
      " [0.51201356 0.31708794 0.1708985 ]\n",
      " [0.51448635 0.33025996 0.15525368]\n",
      " [0.49996756 0.28847613 0.21155631]\n",
      " [0.48775223 0.34265812 0.16958964]\n",
      " [0.39094852 0.38153131 0.22752017]\n",
      " [0.2973064  0.3453615  0.3573321 ]\n",
      " [0.42650129 0.41605885 0.15743986]\n",
      " [0.26297431 0.53839449 0.1986312 ]\n",
      " [0.25853679 0.54843821 0.19302499]\n",
      " [0.53915638 0.25829365 0.20254996]\n",
      " [0.21666997 0.28569228 0.49763776]\n",
      " [0.58874484 0.16492205 0.24633312]\n",
      " [0.21734116 0.24352907 0.53912977]]\n",
      "Precision: 0.6578947368421053\n",
      "\n",
      "Iteration 5 Training Data Shape: (190, 23)\n",
      "Warning: No categorical columns found. Calling 'transform' will only return input data.\n",
      "Warning: No categorical columns found. Calling 'transform' will only return input data.\n",
      "Warning: No categorical columns found. Calling 'transform' will only return input data.\n",
      "Warning: No categorical columns found. Calling 'transform' will only return input data.\n",
      "Warning: No categorical columns found. Calling 'transform' will only return input data.\n",
      "Best Parameters: {'xgb__clf__n_estimators': 100, 'xgb__clf__max_depth': 3, 'xgb__clf__learning_rate': 0.1, 'xgb__clf__lambda': 1.5, 'xgb__clf__alpha': 1, 'rf__clf__n_estimators': 1, 'rf__clf__max_depth': 2, 'lr__clf__solver': 'saga', 'lr__clf__penalty': 'elasticnet', 'lr__clf__l1_ratio': 0.5, 'lr__clf__class_weight': 'balanced', 'lr__clf__C': 1, 'gb__clf__n_estimators': 100, 'gb__clf__min_samples_split': 2, 'gb__clf__min_samples_leaf': 1, 'gb__clf__max_depth': 5, 'gb__clf__learning_rate': 0.01}\n",
      "y_proba: [[0.26670566 0.25683203 0.47646231]\n",
      " [0.25255541 0.2039968  0.54344778]\n",
      " [0.21743632 0.50677765 0.27578603]\n",
      " [0.23178538 0.22289509 0.54531953]\n",
      " [0.45245468 0.25142868 0.29611663]\n",
      " [0.13728332 0.21598573 0.64673095]\n",
      " [0.30388958 0.25498185 0.44112856]\n",
      " [0.30005358 0.22918038 0.47076603]\n",
      " [0.56828603 0.19817996 0.23353402]\n",
      " [0.65335369 0.16400112 0.18264518]\n",
      " [0.40028277 0.13443246 0.46528477]\n",
      " [0.45334137 0.18670453 0.3599541 ]\n",
      " [0.40456834 0.218966   0.37646566]\n",
      " [0.27740834 0.29280373 0.42978792]\n",
      " [0.62599725 0.20820464 0.16579811]\n",
      " [0.16156144 0.45286605 0.38557252]\n",
      " [0.31694918 0.38557883 0.297472  ]\n",
      " [0.28544205 0.26663274 0.4479252 ]\n",
      " [0.42301706 0.25326493 0.323718  ]\n",
      " [0.28692433 0.24169314 0.47138255]\n",
      " [0.2081255  0.28338183 0.50849268]\n",
      " [0.25543339 0.25109503 0.49347158]\n",
      " [0.23336722 0.44618893 0.32044385]\n",
      " [0.21090628 0.31633879 0.47275493]\n",
      " [0.14989849 0.3041525  0.54594901]\n",
      " [0.25658592 0.32118721 0.42222688]\n",
      " [0.4589452  0.27558096 0.26547384]\n",
      " [0.51366382 0.23503941 0.25129677]\n",
      " [0.40381891 0.24595966 0.35022143]\n",
      " [0.301494   0.2514583  0.4470477 ]\n",
      " [0.2668685  0.24214792 0.49098358]\n",
      " [0.62830079 0.21098263 0.16071659]\n",
      " [0.33806836 0.35024767 0.31168396]\n",
      " [0.67990625 0.18366359 0.13643015]\n",
      " [0.62651346 0.1993132  0.17417333]\n",
      " [0.46064025 0.25808833 0.28127144]\n",
      " [0.43405006 0.23758852 0.32836142]\n",
      " [0.17563343 0.22703792 0.59732864]]\n",
      "Precision: 0.47368421052631576\n",
      "\n",
      "Iteration 6 Training Data Shape: (228, 23)\n",
      "Warning: No categorical columns found. Calling 'transform' will only return input data.\n",
      "Warning: No categorical columns found. Calling 'transform' will only return input data.\n",
      "Warning: No categorical columns found. Calling 'transform' will only return input data.\n",
      "Warning: No categorical columns found. Calling 'transform' will only return input data.\n",
      "Warning: No categorical columns found. Calling 'transform' will only return input data.\n",
      "Best Parameters: {'xgb__clf__n_estimators': 100, 'xgb__clf__max_depth': 3, 'xgb__clf__learning_rate': 0.1, 'xgb__clf__lambda': 1.5, 'xgb__clf__alpha': 1, 'rf__clf__n_estimators': 1, 'rf__clf__max_depth': 2, 'lr__clf__solver': 'saga', 'lr__clf__penalty': 'elasticnet', 'lr__clf__l1_ratio': 0.5, 'lr__clf__class_weight': 'balanced', 'lr__clf__C': 1, 'gb__clf__n_estimators': 100, 'gb__clf__min_samples_split': 2, 'gb__clf__min_samples_leaf': 1, 'gb__clf__max_depth': 5, 'gb__clf__learning_rate': 0.01}\n",
      "y_proba: [[0.4072252  0.20939134 0.38338346]\n",
      " [0.18893263 0.10962889 0.70143849]\n",
      " [0.23339535 0.22533477 0.54126988]\n",
      " [0.45783233 0.32334549 0.21882218]\n",
      " [0.48877765 0.32693824 0.18428412]\n",
      " [0.50526109 0.24841815 0.24632075]\n",
      " [0.26558025 0.54837569 0.18604407]\n",
      " [0.17100646 0.365207   0.46378655]\n",
      " [0.2853646  0.52684883 0.18778658]\n",
      " [0.2701386  0.54643266 0.18342875]\n",
      " [0.58758421 0.26905116 0.14336463]\n",
      " [0.56250157 0.26149106 0.17600737]\n",
      " [0.60707305 0.22561177 0.16731518]\n",
      " [0.23870182 0.54847851 0.21281966]\n",
      " [0.14601546 0.3853242  0.46866034]\n",
      " [0.2135712  0.29233867 0.49409012]\n",
      " [0.23940451 0.50213636 0.25845912]\n",
      " [0.40305389 0.46226211 0.134684  ]\n",
      " [0.23381081 0.40781006 0.35837914]\n",
      " [0.20171873 0.41384648 0.3844348 ]\n",
      " [0.19704149 0.43053464 0.37242387]\n",
      " [0.43004386 0.20212172 0.36783443]\n",
      " [0.54780797 0.20931808 0.24287396]\n",
      " [0.26291719 0.28698507 0.45009773]\n",
      " [0.45133713 0.33791203 0.21075083]\n",
      " [0.61363011 0.22360353 0.16276637]\n",
      " [0.5700963  0.26019983 0.16970388]\n",
      " [0.36022601 0.45762107 0.18215291]\n",
      " [0.14933277 0.62457197 0.22609526]\n",
      " [0.17349296 0.12465621 0.70185085]\n",
      " [0.26570663 0.54383403 0.19045933]\n",
      " [0.48996924 0.30558645 0.20444431]\n",
      " [0.36243051 0.23188667 0.40568282]\n",
      " [0.45121937 0.32616862 0.222612  ]\n",
      " [0.21852164 0.1990885  0.58238986]\n",
      " [0.56151929 0.23460695 0.20387376]\n",
      " [0.20604721 0.17591672 0.61803607]\n",
      " [0.41620886 0.32387088 0.25992026]]\n",
      "Precision: 0.631578947368421\n",
      "\n",
      "Iteration 7 Training Data Shape: (266, 23)\n",
      "Warning: No categorical columns found. Calling 'transform' will only return input data.\n",
      "Warning: No categorical columns found. Calling 'transform' will only return input data.\n",
      "Warning: No categorical columns found. Calling 'transform' will only return input data.\n",
      "Warning: No categorical columns found. Calling 'transform' will only return input data.\n",
      "Warning: No categorical columns found. Calling 'transform' will only return input data.\n",
      "Best Parameters: {'xgb__clf__n_estimators': 100, 'xgb__clf__max_depth': 3, 'xgb__clf__learning_rate': 0.1, 'xgb__clf__lambda': 1.5, 'xgb__clf__alpha': 1, 'rf__clf__n_estimators': 1, 'rf__clf__max_depth': 2, 'lr__clf__solver': 'saga', 'lr__clf__penalty': 'elasticnet', 'lr__clf__l1_ratio': 0.5, 'lr__clf__class_weight': 'balanced', 'lr__clf__C': 1, 'gb__clf__n_estimators': 100, 'gb__clf__min_samples_split': 2, 'gb__clf__min_samples_leaf': 1, 'gb__clf__max_depth': 5, 'gb__clf__learning_rate': 0.01}\n",
      "y_proba: [[0.27606866 0.2004058  0.52352555]\n",
      " [0.52981612 0.27658658 0.1935973 ]\n",
      " [0.37740073 0.40433754 0.21826174]\n",
      " [0.54842484 0.20544785 0.24612731]\n",
      " [0.51702471 0.23763643 0.24533885]\n",
      " [0.31996904 0.39437852 0.28565243]\n",
      " [0.22247367 0.36387881 0.41364752]\n",
      " [0.22625713 0.34660668 0.4271362 ]\n",
      " [0.2792168  0.2669886  0.45379461]\n",
      " [0.52532596 0.27153251 0.20314153]\n",
      " [0.46066139 0.36310351 0.1762351 ]\n",
      " [0.27999472 0.41906765 0.30093762]\n",
      " [0.22909695 0.22337064 0.54753242]\n",
      " [0.50304737 0.26946651 0.22748612]\n",
      " [0.19878509 0.5021273  0.29908761]\n",
      " [0.30820157 0.40615626 0.28564216]\n",
      " [0.32285246 0.23498813 0.44215941]\n",
      " [0.19728104 0.12059155 0.68212741]\n",
      " [0.35357999 0.32161403 0.32480598]\n",
      " [0.67195329 0.1902737  0.13777302]\n",
      " [0.42389892 0.33657487 0.2395262 ]\n",
      " [0.18942213 0.50396419 0.30661368]\n",
      " [0.62369646 0.1865522  0.18975134]\n",
      " [0.58958012 0.20228782 0.20813206]\n",
      " [0.37779002 0.28695935 0.33525062]\n",
      " [0.40851535 0.29439173 0.29709292]\n",
      " [0.45857797 0.3133635  0.22805852]\n",
      " [0.58946824 0.17415907 0.23637268]\n",
      " [0.44276279 0.17919139 0.37804582]\n",
      " [0.25334135 0.16146351 0.58519516]\n",
      " [0.5086385  0.28753147 0.20383003]\n",
      " [0.36844022 0.38771111 0.24384868]\n",
      " [0.33737904 0.21163291 0.45098805]\n",
      " [0.58972723 0.23695722 0.17331555]\n",
      " [0.30843921 0.45877807 0.23278271]\n",
      " [0.58189687 0.23018158 0.18792156]\n",
      " [0.2828911  0.15467943 0.56242947]\n",
      " [0.47926518 0.28079326 0.23994156]]\n",
      "Precision: 0.5526315789473685\n",
      "\n",
      "Iteration 8 Training Data Shape: (304, 23)\n",
      "Warning: No categorical columns found. Calling 'transform' will only return input data.\n",
      "Warning: No categorical columns found. Calling 'transform' will only return input data.\n",
      "Warning: No categorical columns found. Calling 'transform' will only return input data.\n",
      "Warning: No categorical columns found. Calling 'transform' will only return input data.\n",
      "Warning: No categorical columns found. Calling 'transform' will only return input data.\n",
      "Best Parameters: {'xgb__clf__n_estimators': 100, 'xgb__clf__max_depth': 3, 'xgb__clf__learning_rate': 0.1, 'xgb__clf__lambda': 1.5, 'xgb__clf__alpha': 1, 'rf__clf__n_estimators': 1, 'rf__clf__max_depth': 2, 'lr__clf__solver': 'saga', 'lr__clf__penalty': 'elasticnet', 'lr__clf__l1_ratio': 0.5, 'lr__clf__class_weight': 'balanced', 'lr__clf__C': 1, 'gb__clf__n_estimators': 100, 'gb__clf__min_samples_split': 2, 'gb__clf__min_samples_leaf': 1, 'gb__clf__max_depth': 5, 'gb__clf__learning_rate': 0.01}\n",
      "y_proba: [[0.26625663 0.27900968 0.4547337 ]\n",
      " [0.24793996 0.22145929 0.53060075]\n",
      " [0.24051274 0.34326624 0.41622102]\n",
      " [0.46289313 0.2875508  0.24955606]\n",
      " [0.27089255 0.36050751 0.36859993]\n",
      " [0.25874904 0.43914302 0.30210794]\n",
      " [0.80022106 0.09945682 0.10032212]\n",
      " [0.22248292 0.32861371 0.44890338]\n",
      " [0.2798415  0.30825224 0.41190625]\n",
      " [0.2026743  0.44494754 0.35237817]\n",
      " [0.39292026 0.34254851 0.26453123]\n",
      " [0.24096054 0.40313648 0.35590298]\n",
      " [0.18690816 0.29959732 0.51349452]\n",
      " [0.20039804 0.42065592 0.37894604]\n",
      " [0.3885486  0.36944431 0.24200708]\n",
      " [0.26628939 0.48206507 0.25164554]\n",
      " [0.19521257 0.40866158 0.39612586]\n",
      " [0.27529202 0.44903808 0.27566989]\n",
      " [0.30367289 0.29536505 0.40096206]\n",
      " [0.22600652 0.37605687 0.3979366 ]\n",
      " [0.17246403 0.38496497 0.442571  ]\n",
      " [0.21398432 0.28764437 0.4983713 ]\n",
      " [0.38175423 0.22573919 0.39250658]\n",
      " [0.18913328 0.46226115 0.34860555]\n",
      " [0.26543736 0.25293873 0.48162392]\n",
      " [0.28391028 0.32993871 0.386151  ]\n",
      " [0.77072399 0.12544673 0.10382927]\n",
      " [0.21614048 0.27398264 0.50987689]\n",
      " [0.732151   0.14192308 0.12592593]\n",
      " [0.35720423 0.29441482 0.34838095]\n",
      " [0.57498353 0.23220245 0.19281401]\n",
      " [0.38489479 0.29315804 0.32194718]\n",
      " [0.24309417 0.3776231  0.37928272]\n",
      " [0.56274653 0.23645692 0.20079655]\n",
      " [0.58887395 0.22129726 0.18982879]\n",
      " [0.74916364 0.13072806 0.1201083 ]\n",
      " [0.43094243 0.21038484 0.35867274]\n",
      " [0.24480721 0.40150848 0.3536843 ]]\n",
      "Precision: 0.4473684210526316\n",
      "\n",
      "Iteration 9 Training Data Shape: (342, 23)\n",
      "Warning: No categorical columns found. Calling 'transform' will only return input data.\n",
      "Warning: No categorical columns found. Calling 'transform' will only return input data.\n",
      "Warning: No categorical columns found. Calling 'transform' will only return input data.\n",
      "Warning: No categorical columns found. Calling 'transform' will only return input data.\n",
      "Warning: No categorical columns found. Calling 'transform' will only return input data.\n",
      "Best Parameters: {'xgb__clf__n_estimators': 100, 'xgb__clf__max_depth': 3, 'xgb__clf__learning_rate': 0.1, 'xgb__clf__lambda': 1.5, 'xgb__clf__alpha': 1, 'rf__clf__n_estimators': 1, 'rf__clf__max_depth': 2, 'lr__clf__solver': 'saga', 'lr__clf__penalty': 'elasticnet', 'lr__clf__l1_ratio': 0.5, 'lr__clf__class_weight': 'balanced', 'lr__clf__C': 1, 'gb__clf__n_estimators': 100, 'gb__clf__min_samples_split': 2, 'gb__clf__min_samples_leaf': 1, 'gb__clf__max_depth': 5, 'gb__clf__learning_rate': 0.01}\n",
      "y_proba: [[0.26340448 0.34476852 0.39182699]\n",
      " [0.52517054 0.18048459 0.29434487]\n",
      " [0.56474569 0.25669814 0.17855619]\n",
      " [0.58953027 0.21814532 0.19232442]\n",
      " [0.56094762 0.33445978 0.1045926 ]\n",
      " [0.70162115 0.1309245  0.16745437]\n",
      " [0.47441888 0.24018962 0.2853915 ]\n",
      " [0.18888728 0.43490937 0.37620336]\n",
      " [0.17900868 0.46797866 0.35301266]\n",
      " [0.31604184 0.35045155 0.3335066 ]\n",
      " [0.23923774 0.24213453 0.51862773]\n",
      " [0.34375454 0.34402942 0.31221605]\n",
      " [0.4100021  0.21848592 0.37151197]\n",
      " [0.24892666 0.3349348  0.41613855]\n",
      " [0.17794429 0.24369142 0.5783643 ]\n",
      " [0.22046158 0.28176309 0.49777532]\n",
      " [0.46917257 0.30874424 0.22208318]\n",
      " [0.34986043 0.25029005 0.39984952]\n",
      " [0.20486819 0.43194893 0.36318289]\n",
      " [0.51849132 0.20714939 0.2743593 ]\n",
      " [0.27938698 0.28424136 0.43637167]\n",
      " [0.58797037 0.22714737 0.18488226]\n",
      " [0.28263741 0.34135863 0.37600395]\n",
      " [0.27924937 0.27424965 0.44650097]\n",
      " [0.26238788 0.25848295 0.47912916]\n",
      " [0.21865914 0.45610595 0.32523492]\n",
      " [0.40563705 0.23232711 0.36203584]\n",
      " [0.23890834 0.20893849 0.55215316]\n",
      " [0.20177561 0.26789925 0.53032514]\n",
      " [0.30395186 0.29632391 0.39972424]\n",
      " [0.32063996 0.20905708 0.47030295]\n",
      " [0.53243163 0.20018433 0.26738405]\n",
      " [0.61913364 0.21715451 0.16371185]\n",
      " [0.55337317 0.18631839 0.26030844]\n",
      " [0.30716541 0.43866461 0.25416999]\n",
      " [0.33553458 0.22947002 0.4349954 ]\n",
      " [0.5001371  0.20769004 0.29217287]\n",
      " [0.74335004 0.13756829 0.11908166]]\n",
      "Precision: 0.5526315789473685\n",
      "\n",
      "Iteration 10 Training Data Shape: (380, 23)\n",
      "Warning: No categorical columns found. Calling 'transform' will only return input data.\n",
      "Warning: No categorical columns found. Calling 'transform' will only return input data.\n",
      "Warning: No categorical columns found. Calling 'transform' will only return input data.\n",
      "Warning: No categorical columns found. Calling 'transform' will only return input data.\n",
      "Warning: No categorical columns found. Calling 'transform' will only return input data.\n",
      "Best Parameters: {'xgb__clf__n_estimators': 100, 'xgb__clf__max_depth': 3, 'xgb__clf__learning_rate': 0.1, 'xgb__clf__lambda': 1.5, 'xgb__clf__alpha': 1, 'rf__clf__n_estimators': 1, 'rf__clf__max_depth': 2, 'lr__clf__solver': 'saga', 'lr__clf__penalty': 'elasticnet', 'lr__clf__l1_ratio': 0.5, 'lr__clf__class_weight': 'balanced', 'lr__clf__C': 1, 'gb__clf__n_estimators': 100, 'gb__clf__min_samples_split': 2, 'gb__clf__min_samples_leaf': 1, 'gb__clf__max_depth': 5, 'gb__clf__learning_rate': 0.01}\n",
      "y_proba: [[0.18672043 0.43031812 0.38296146]\n",
      " [0.65257456 0.15493934 0.19248608]\n",
      " [0.43898243 0.24963693 0.31138064]\n",
      " [0.59927126 0.23471016 0.16601858]\n",
      " [0.25896957 0.22106321 0.51996722]\n",
      " [0.6388932  0.22883123 0.13227557]\n",
      " [0.6279572  0.19168023 0.18036256]\n",
      " [0.50630498 0.2844543  0.20924071]\n",
      " [0.33585466 0.33452845 0.32961689]\n",
      " [0.4133227  0.20433814 0.38233916]\n",
      " [0.2614844  0.26457318 0.47394242]\n",
      " [0.45912224 0.35477441 0.18610334]\n",
      " [0.27076508 0.1983281  0.53090682]\n",
      " [0.65626335 0.14921117 0.19452547]\n",
      " [0.65987548 0.1486843  0.19144022]\n",
      " [0.33283946 0.42922817 0.23793237]\n",
      " [0.40861353 0.38894684 0.20243963]\n",
      " [0.36080891 0.24782525 0.39136583]\n",
      " [0.59254343 0.2369055  0.17055107]\n",
      " [0.30219975 0.37686965 0.3209306 ]\n",
      " [0.22643839 0.3627709  0.41079072]\n",
      " [0.60396174 0.17605923 0.21997903]\n",
      " [0.72776095 0.14103886 0.1312002 ]\n",
      " [0.37813497 0.42687709 0.19498794]\n",
      " [0.53489799 0.29801079 0.16709122]\n",
      " [0.23738171 0.20679346 0.55582482]\n",
      " [0.50104831 0.29120171 0.20774997]\n",
      " [0.16594678 0.37556351 0.45848971]\n",
      " [0.4614112  0.20332183 0.33526696]\n",
      " [0.2750699  0.24158262 0.48334749]\n",
      " [0.50252852 0.30484813 0.19262334]\n",
      " [0.15033416 0.32462751 0.52503832]\n",
      " [0.41009727 0.30378532 0.2861174 ]\n",
